40821729083640451600278781168000000 21
814400 19
920132910758780430650592444850000000000 17
70000000000 11
87600 19
380000000000000 27
54152220000000000000000 3
9915818487546542541480 1
751626493285390025818922700000 24
706856760000000000 25
857692812864318943124780000000000000 20
70684574780651000000 29
800 4
8372789229154289380839619300000 38
762652581513535830931390799547 16
21760000000000000000 9
5227933821673113404831612800 54
9815548967500000000000000 13
3591010 6
1755682270000000000000000 17
9901410000000000000000000 14
5519643443926562930844315 26
78078537001494122061765460920000 4
8747512846186020800 27
8 6
69679400 21
29638133330 37
75270257000000000000000 23
74 0
998334484549240281552993798565000000000000000000 11
4875407602902171279300 0
501349553434874316950000000000000 5
889449651820000000000000000000 22
670000000000000000 2
930209087028724613000000000 23
5340 4
9338172760775530000000000000 39
1310820117224281 2
416422878584096310970742100000000000 23
82707199500000000 35
516605575823579909221235957 20
50606000000000000 34
80300921020 0
500000000 1
998000000000 21
8399155396723142976977669 12
26186402000 8
50057365994230000000000000 25
740067672000000000000000000 38
95716535 18
98634807198713352333000000000 37
12 22
5864667973444273396065355000 41
9938462640451824716003000000000000000000 32
7514242581726607886610 14
20202332525980083660800000000000 29
95863089545 22
474900000000000000000 33
31505258240469751720000000000000 4
658413371415000000000000 25
94955060400000000000000000000 30
777220197 12
149981378530655671422931232860000000000 18
1049590218879600000000000000000 15
316485030 0
65156181163849469790205 11
357970000 13
12238966656854500000000000000000000 23
482689262400000000000000000000 12
394727214383318346865201048000000000 9
87584691980000000000000 33
23532520000000000000000000 6
55760 6
947753400 3
9110772699381840000000 7
7834695523573392911400000000000000 25
6469573263335203639622081291670000000000 10
64235824051824863149399834047600000000 29
717673913205166000000000000000 19
8076606649002 18
97000000000 16
41600000000000000000000 19
2676207323190000000 20
7731965080343841664233399 3
63197708471923405577894508962000000000 45
6016502370000000000 30
2771239657450458180479023 2
403320639473881235153200 16
2013793600000000 5
3000000000000000000 11
45832000000000000000000 1
6314645862158747950348460000000000000000 30
754814922 5
885615655673542827017 6
629073044039924000 38
505013488563904186790000000000000 42
71882971817581746446140296434000000000000 16
765148305000000 14
6936815974700000000000000 4
4845421000000000000000 38
